SP_0 = 302044.745460
SP_1 = 329884.966698
SP_2 = 330586.222737
SP_3 = 329535.905726
SP_4 = 322208.920256
SP_5 = 373549.302691
SP_6 = 336365.509781
SP_7 = 357938.722241
SP_8 = 323614.464759
SP_9 = 310924.454105
SP_10 = 319617.945759
SP_11 = 336519.077868
SP_12 = 324823.851451
SP_13 = 334454.990853
SP_14 = 328715.568640
SP_15 = 362427.506966
