SP_0 = 124268.248629
SP_1 = 105246.452127
SP_2 = 95701.505344
SP_3 = 116456.670768
SP_4 = 83118.890521
SP_5 = 77526.485102
SP_6 = 143821.490305
SP_7 = 122333.411319
SP_8 = 123056.155948
SP_9 = 134657.874758
SP_10 = 134986.829786
SP_11 = 119880.285088
SP_12 = 100560.148584
SP_13 = 121767.860742
SP_14 = 140776.970104
SP_15 = 120600.208516
SP_16 = 130053.708664
SP_17 = 147175.706407
SP_18 = 117753.622604
SP_19 = 98658.983660
SP_20 = 127574.509969
SP_21 = 123250.443485
SP_22 = 134038.538594
SP_23 = 101226.575022
SP_24 = 101640.033227
SP_25 = 130721.503828
SP_26 = 149308.539835
SP_27 = 145769.216766
SP_28 = 113404.552253
SP_29 = 119332.157547
SP_30 = 125830.322582
SP_31 = 129486.511347
SP_32 = 147621.501625
SP_33 = 118789.675412
SP_34 = 129881.635865
SP_35 = 102817.604452
SP_36 = 132647.125447
SP_37 = 119462.947066
SP_38 = 122872.019734
SP_39 = 126278.983862
SP_40 = 98102.995993
SP_41 = 105677.351145
SP_42 = 145342.827259
SP_43 = 139716.828125
SP_44 = 113315.830471
SP_45 = 91133.115809
SP_46 = 95584.500404
SP_47 = 144023.650166
SP_48 = 106603.321622
SP_49 = 141392.626590
SP_50 = 94772.050128
SP_51 = 78441.320013
SP_52 = 154983.086500
SP_53 = 113787.919255
SP_54 = 123957.407814
SP_55 = 109432.984748
SP_56 = 113768.211200
SP_57 = 121954.639729
SP_58 = 110949.123517
SP_59 = 99766.088423
SP_60 = 104454.071877
SP_61 = 103933.234266
SP_62 = 118453.534160
SP_63 = 111332.284864
