SP_0 = 58192.391144
SP_1 = 51725.906649
SP_2 = 49352.822532
SP_3 = 60830.328234
SP_4 = 46095.007312
SP_5 = 47172.494467
SP_6 = 64963.900050
SP_7 = 60816.777070
SP_8 = 62443.565262
SP_9 = 59568.273932
SP_10 = 65327.964936
SP_11 = 55280.769350
SP_12 = 53112.095687
SP_13 = 59088.434211
SP_14 = 67413.557651
SP_15 = 59850.637254
SP_16 = 61755.983653
SP_17 = 66464.440736
SP_18 = 58668.283076
SP_19 = 53121.572573
SP_20 = 57255.695346
SP_21 = 60459.298298
SP_22 = 69323.586454
SP_23 = 53264.833840
SP_24 = 51628.302283
SP_25 = 65574.753497
SP_26 = 65865.745811
SP_27 = 67902.966110
SP_28 = 57379.831282
SP_29 = 55580.424924
SP_30 = 63576.618518
SP_31 = 60888.381738
SP_32 = 67714.314347
SP_33 = 59826.248787
SP_34 = 61329.021300
SP_35 = 52611.250007
SP_36 = 60876.895450
SP_37 = 55349.272473
SP_38 = 60572.488608
SP_39 = 60801.192132
SP_40 = 49881.373789
SP_41 = 55308.032419
SP_42 = 65405.656811
SP_43 = 63510.984288
SP_44 = 57818.591415
SP_45 = 51048.897453
SP_46 = 47334.410979
SP_47 = 63333.854986
SP_48 = 54319.986204
SP_49 = 65766.351157
SP_50 = 48915.906118
SP_51 = 46557.923588
SP_52 = 70315.406160
SP_53 = 57198.589010
SP_54 = 58722.872534
SP_55 = 54508.548780
SP_56 = 57220.147742
SP_57 = 55704.319884
SP_58 = 53849.632208
SP_59 = 52604.992520
SP_60 = 55159.094507
SP_61 = 57092.568638
SP_62 = 56152.196937
SP_63 = 56644.274705
