SP_0 = 126191.455212
SP_1 = 106454.272911
SP_2 = 96694.690024
SP_3 = 118402.998395
SP_4 = 84310.743400
SP_5 = 78042.400002
SP_6 = 146416.272098
SP_7 = 123278.326111
SP_8 = 123377.895820
SP_9 = 137515.307713
SP_10 = 136537.574797
SP_11 = 120977.696314
SP_12 = 101949.391331
SP_13 = 123616.565824
SP_14 = 144241.892573
SP_15 = 122391.016130
SP_16 = 132562.525447
SP_17 = 148008.639425
SP_18 = 118535.870485
SP_19 = 100531.461979
SP_20 = 130844.944024
SP_21 = 125362.921274
SP_22 = 135666.427847
SP_23 = 102749.352596
SP_24 = 102568.727587
SP_25 = 131646.825985
SP_26 = 151535.274409
SP_27 = 146581.407540
SP_28 = 115167.176935
SP_29 = 120240.109184
SP_30 = 126886.086252
SP_31 = 131650.559349
SP_32 = 149920.054628
SP_33 = 121680.061629
SP_34 = 131974.459838
SP_35 = 105228.741388
SP_36 = 133525.258495
SP_37 = 121587.567831
SP_38 = 123518.271091
SP_39 = 126994.441629
SP_40 = 101120.626979
SP_41 = 106674.657192
SP_42 = 146494.453856
SP_43 = 141831.029433
SP_44 = 116215.252094
SP_45 = 92544.482471
SP_46 = 97392.527297
SP_47 = 145400.978405
SP_48 = 108463.424650
SP_49 = 142716.187901
SP_50 = 97037.789644
SP_51 = 78732.899418
SP_52 = 156257.668109
SP_53 = 115937.420465
SP_54 = 125168.354524
SP_55 = 111745.395414
SP_56 = 115217.038957
SP_57 = 122467.358700
SP_58 = 113106.032782
SP_59 = 101951.144002
SP_60 = 106029.085782
SP_61 = 105354.180961
SP_62 = 120048.626979
SP_63 = 115621.387158
