SP_0 = 58386.889981
SP_1 = 51818.815735
SP_2 = 49514.004692
SP_3 = 60920.115678
SP_4 = 46198.778718
SP_5 = 47218.606451
SP_6 = 64891.866911
SP_7 = 61028.029028
SP_8 = 62605.148334
SP_9 = 59422.635342
SP_10 = 65467.951488
SP_11 = 55161.524534
SP_12 = 53475.388126
SP_13 = 59148.519933
SP_14 = 67523.743465
SP_15 = 59812.183126
SP_16 = 61910.745927
SP_17 = 66605.996496
SP_18 = 58741.692009
SP_19 = 53210.319940
SP_20 = 57303.123936
SP_21 = 60562.769497
SP_22 = 69254.648207
SP_23 = 53501.178989
SP_24 = 51464.684340
SP_25 = 65861.374549
SP_26 = 66092.135960
SP_27 = 67874.188622
SP_28 = 57122.139855
SP_29 = 55668.689461
SP_30 = 63492.525380
SP_31 = 60839.529330
SP_32 = 67774.897193
SP_33 = 59943.883982
SP_34 = 61106.882029
SP_35 = 52766.004317
SP_36 = 60300.336748
SP_37 = 55344.313155
SP_38 = 60608.406626
SP_39 = 60789.505340
SP_40 = 49526.198035
SP_41 = 55273.467453
SP_42 = 65443.663599
SP_43 = 63596.535960
SP_44 = 57825.871527
SP_45 = 51008.492971
SP_46 = 47322.137100
SP_47 = 63522.257425
SP_48 = 54244.414492
SP_49 = 65120.278141
SP_50 = 48911.658438
SP_51 = 46341.947095
SP_52 = 70303.874415
SP_53 = 57213.994545
SP_54 = 58543.286166
SP_55 = 54526.579435
SP_56 = 57335.915920
SP_57 = 55951.097944
SP_58 = 53920.494777
SP_59 = 52607.953407
SP_60 = 55215.036102
SP_61 = 57277.263885
SP_62 = 56176.295367
SP_63 = 56653.360930
