SP_0 = 52932.665200
SP_1 = 47756.015700
SP_2 = 52087.517000
SP_3 = 54482.561300
SP_4 = 57081.710300
SP_5 = 38294.794800
SP_6 = 47269.006100
SP_7 = 58027.134800
SP_8 = 55197.160700
SP_9 = 54091.756700
SP_10 = 53245.387500
SP_11 = 56178.954300
SP_12 = 55354.752900
SP_13 = 53432.231290
SP_14 = 56630.863000
SP_15 = 52752.675100
SP_16 = 55776.423500
SP_17 = 56897.919700
SP_18 = 58534.897000
SP_19 = 54486.864500
SP_20 = 55603.165900
SP_21 = 58146.469900
SP_22 = 57508.878800
SP_23 = 53696.692200
SP_24 = 53782.382700
SP_25 = 54083.560900
SP_26 = 58875.747200
SP_27 = 51065.289340
SP_28 = 54935.792700
SP_29 = 57819.407920
SP_30 = 52290.969900
SP_31 = 46567.218300
SP_32 = 54423.903600
SP_33 = 45476.255100
SP_34 = 57505.334600
SP_35 = 49962.777800
SP_36 = 48779.094580
SP_37 = 58679.707500
SP_38 = 50919.984000
SP_39 = 56887.597500
SP_40 = 50319.705330
SP_41 = 57355.022900
SP_42 = 51748.002500
SP_43 = 59340.297200
SP_44 = 52744.321500
SP_45 = 54143.206900
SP_46 = 51125.941400
SP_47 = 60131.895200
SP_48 = 56537.238100
SP_49 = 59449.290600
SP_50 = 55040.680900
SP_51 = 53721.411010
SP_52 = 48937.531100
SP_53 = 50916.675810
SP_54 = 56492.795300
SP_55 = 50655.314000
SP_56 = 55003.045900
SP_57 = 52975.579500
SP_58 = 44772.502300
SP_59 = 53307.790400
SP_60 = 54660.486600
SP_61 = 55672.711000
SP_62 = 54201.073800
SP_63 = 61641.573500
